l 1 (
00 00 00 00 00 00 00 00 00 00 00 00
00 01 01 01 01 30 01 01 01 01 01 00
00 01 01 01 01 30 01 01 00 00 00 00
00 01 01 01 01 30 01 01 00 01 01 01
00 01 01 01 00 30 00 01 00 00 00 00
00 01 01 01 00 01 00 01 01 01 01 00
00 01 01 01 00 01 00 01 00 00 00 00
00 01 01 01 00 00 00 01 00 01 01 01
00 01 01 01 01 93 01 01 00 00 00 00
00 01 01 01 01 30 01 01 01 01 01 00
00 01 01 01 01 43 01 00 00 00 00 00
00 00 00 00 00 51 01 00 01 01 01 01
)

l 2 (
51 00 00 91 91 91 00 00 00 00 00 10
10 10 10 10 10 10 10 10 10 10 00 10
41 00 00 20 00 10 42 41 00 10 00 10
00 95 00 10 00 10 44 30 00 10 00 10
10 10 10 10 00 10 45 41 00 10 00 10
30 00 00 10 00 10 10 10 20 10 00 10
00 96 00 10 00 20 92 93 92 10 00 10
10 20 10 10 00 10 10 10 10 10 00 10
00 00 00 10 00 00 00 00 00 00 00 10
00 00 00 10 10 20 10 10 10 20 10 10
41 00 30 10 30 91 00 10 00 92 00 10
41 42 30 10 91 52 91 10 91 43 91 10
)

l 3 (
52 00 21 20 20 00 00 00 00 00 00 00
00 00 10 10 10 00 94 00 00 00 10 10
00 10 10 10 10 10 95 10 10 10 10 10
00 10 41 95 10 00 00 00 21 93 93 93
00 10 95 95 20 00 00 00 10 93 40 93
00 10 10 10 10 00 00 00 10 93 40 93
00 10 00 03 10 00 00 00 10 93 93 93
00 11 00 00 20 00 00 00 10 10 10 10
00 10 10 10 10 00 00 00 23 94 94 94
00 10 40 40 21 00 00 00 10 94 45 94
00 10 40 40 11 00 00 00 10 94 94 94
51 10 10 10 10 00 00 00 10 10 10 10
)


l 4 (
51 10 00 00 20 00 10 00 00 00 20 00
00 10 00 00 10 00 10 91 91 91 10 91
00 20 00 00 10 00 10 00 00 00 10 00
10 10 10 20 10 00 10 30 00 30 10 00
00 00 93 00 10 00 10 30 31 30 10 00
30 00 00 92 10 00 10 10 10 10 10 00
00 00 92 30 10 00 00 00 00 00 00 00
10 96 10 10 10 00 10 10 10 10 10 91
00 00 00 00 10 91 10 00 00 00 00 00
33 34 32 00 10 00 10 20 10 10 10 10
10 10 10 10 10 00 10 00 10 00 00 00
52 00 00 00 00 00 10 00 11 00 00 44
)

l 5 (
52 10 41 41 10 00 92 00 30 91 00 00
00 10 41 41 10 00 10 10 10 10 10 21
00 10 30 91 10 00 10 41 00 00 94 00
00 10 10 91 10 00 10 41 00 94 00 00
00 20 20 00 20 00 10 05 94 00 94 00
00 10 10 10 10 00 10 10 10 10 10 10
00 91 00 92 00 30 00 94 95 00 00 00
10 10 10 10 10 00 10 10 10 10 10 00
92 92 65 65 10 00 20 20 00 00 20 00
92 92 00 00 10 00 10 10 22 11 10 00
20 10 10 10 10 00 10 00 00 00 10 00
00 91 00 00 94 00 10 41 30 41 10 51
)

l 6 (
51 10 41 10 00 60 60 00 10 30 10 91
00 10 41 10 00 00 00 00 10 30 10 91
00 10 92 10 91 10 10 95 10 41 10 91
00 10 00 10 00 10 10 00 10 00 10 00
20 10 20 10 21 10 10 20 10 94 10 20
00 95 00 93 00 00 00 00 00 00 00 00
00 95 00 93 00 00 00 00 00 00 00 00
20 10 20 10 00 10 10 20 10 95 10 20
00 10 00 10 00 10 10 00 10 00 10 00
00 10 00 10 00 10 10 91 10 40 10 00
91 10 91 10 00 10 10 92 10 30 10 00
00 91 00 10 00 10 10 40 10 30 10 52
)

l 7 (
52 00 20 20 00 51 00 10 30 00 00 30
00 00 10 10 00 00 00 10 00 43 43 00
20 10 10 10 10 20 10 10 00 32 33 00
00 10 30 30 30 00 00 10 00 00 00 00
41 10 10 10 10 10 93 10 00 00 00 00
00 91 91 91 00 10 00 10 96 11 11 96
00 91 91 91 00 10 00 10 00 00 00 00
10 10 10 10 20 10 92 10 10 20 10 10
00 00 00 92 00 94 00 93 00 00 00 00
20 10 10 10 10 10 10 10 10 10 10 20
91 00 10 00 00 10 31 41 10 00 00 00
00 92 21 20 41 10 30 00 20 94 00 00
)

l 8 (
00 00 00 00 00 00 00 00 00 00 00 00
00 00 00 00 00 00 00 00 00 00 00 00
00 00 00 00 00 00 00 00 00 00 00 00
00 00 00 00 00 00 00 00 00 00 00 00
00 00 00 00 00 00 00 00 00 00 00 00
00 00 00 00 00 00 00 00 00 00 00 00
00 00 00 00 00 00 00 00 00 00 00 00
00 00 00 00 00 00 00 00 00 00 00 00
00 00 00 00 00 00 00 00 00 00 00 00
00 00 00 00 00 00 00 00 00 00 00 00
00 00 00 00 00 00 00 00 00 00 00 00
00 00 00 00 00 00 00 00 00 00 00 00
)

l 9 (
10 10 10 10 10 41 00 20 00 10 41 20
10 00 00 00 10 00 92 10 00 10 00 00
10 00 42 00 10 92 00 10 95 10 00 00
10 00 00 00 10 20 10 10 00 20 00 00
10 23 23 10 10 00 93 10 10 10 10 92
95 00 00 95 10 95 00 20 94 00 10 00
00 00 00 00 10 10 10 10 00 40 10 00
40 00 00 00 93 00 00 20 92 00 10 00
10 21 10 10 10 10 10 10 10 10 10 93
00 93 00 00 20 00 00 00 00 00 92 00
30 00 00 00 10 00 10 10 10 21 10 00
30 41 41 41 10 52 10 41 00 93 10 51
)

l 10 (
00 00 00 00 00 00 00 00 00 00 00 00
00 00 00 00 00 00 00 00 00 00 00 00
00 00 00 00 00 00 00 00 00 00 00 00
00 00 00 00 00 00 00 00 00 00 00 00
00 00 00 00 00 00 00 00 00 00 00 00
00 00 00 00 00 00 00 00 00 00 00 00
00 00 00 00 00 00 00 00 00 00 00 00
00 00 00 00 00 00 00 00 00 00 00 00
00 00 00 00 00 00 00 00 00 00 00 00
00 00 00 00 00 00 00 00 00 00 00 00
00 00 00 00 00 00 00 00 00 00 00 00
00 00 00 00 00 00 00 00 00 00 00 00
)

l 11 (
00 00 00 00 00 00 00 00 00 00 00 00
00 00 00 00 00 00 00 00 00 00 00 00
00 00 00 00 00 00 00 00 00 00 00 00
00 00 00 00 00 00 00 00 00 00 00 00
00 00 00 00 00 00 00 00 00 00 00 00
00 00 00 00 00 00 00 00 00 00 00 00
00 00 00 00 00 00 00 00 00 00 00 00
00 00 00 00 00 00 00 00 00 00 00 00
00 00 00 00 00 00 00 00 00 00 00 00
00 00 00 00 00 00 00 00 00 00 00 00
00 00 00 00 00 00 00 00 00 00 00 00
00 00 00 00 00 00 00 00 00 00 00 00
)

l 12 (
00 00 00 00 00 00 00 00 00 00 00 00
00 00 00 00 00 00 00 00 00 00 00 00
00 00 00 00 00 00 00 00 00 00 00 00
00 00 00 00 00 00 00 00 00 00 00 00
00 00 00 00 00 00 00 00 00 00 00 00
00 00 00 00 00 00 00 00 00 00 00 00
00 00 00 00 00 00 00 00 00 00 00 00
00 00 00 00 00 00 00 00 00 00 00 00
00 00 00 00 00 00 00 00 00 00 00 00
00 00 00 00 00 00 00 00 00 00 00 00
00 00 00 00 00 00 00 00 00 00 00 00
00 00 00 00 00 00 00 00 00 00 00 00
)

l 20 (
10 10 10 10 10 10 10 10 10 10 10 10
10 01 01 01 01 01 01 01 01 01 01 10
10 01 51 60 60 00 65 65 00 52 01 10
10 01 00 20 21 22 23 24 00 00 01 10
10 01 00 30 31 32 33 34 00 00 01 10
10 01 00 41 42 43 44 45 00 00 01 10
10 01 00 00 11 11 11 00 00 00 01 10
10 01 91 92 93 94 95 96 97 98 01 10
10 01 00 10 03 04 05 00 00 10 01 10
10 01 00 10 10 00 00 00 10 10 01 10
10 01 01 10 10 00 00 10 10 10 01 10
10 10 10 10 10 02 00 10 10 10 10 10
)

